# date	bmag	err
220.667	-7.02	0.02
261.645	-6.879	0.01
262.608	-6.888	0.009
264.677	-6.833	0.023
265.732	-6.85	0.01
269.769	-6.873	0.011
271.738	-6.89	0.023
272.763	-6.84	0.009
273.765	-6.841	0.01
283.584	-6.783	0.024
284.596	-6.721	0.035
285.454	-6.773	0.032
286.604	-6.794	0.017
291.761	-6.722	0.023
292.606	-6.757	0.036
293.693	-6.705	0.015
294.529	-6.731	0.009
295.731	-6.668	0.008
296.531	-7.121	9.999
297.505	-7.098	9.999
300.731	-6.691	0.011
304.48	-6.708	0.016
305.508	-6.677	0.01
306.46	-6.641	0.02
306.548	-6.679	0.018
306.627	-6.7	0.012
306.696	-6.639	0.013
307.46	-7.085	9.999
308.647	-6.668	0.011
310.611	-6.701	0.014
312.617	-6.965	0.06
314.672	-6.764	0.032
315.498	-6.719	0.016
316.515	-6.796	0.013
318.574	-6.717	0.05
324.623	-6.904	0.021
326.511	-6.979	0.007
341.661	-7.104	0.023
342.502	-7.094	0.024
343.5	-7.052	0.015
351.586	-7.03	0.019
361.501	-6.996	0.012
361.665	-6.797	0.023
362.521	-6.981	0.009
364.51	-7.006	0.008
364.705	-7.015	0.008
365.498	-7.013	0.011
365.688	-7.018	0.01
366.519	-7.037	0.011
373.467	-7.063	0.011
373.705	-7.085	0.086
373.719	-7.128	0.055
373.734	-7.068	0.019
375.468	-7.075	0.008
375.664	-7.088	0.013
377.483	-7.115	0.013
377.665	-7.178	0.022
378.471	-7.108	0.006
378.663	-7.131	0.011
379.469	-7.117	0.006
380.565	-7.131	0.009
380.659	-7.126	0.013
381.463	-7.131	0.048
383.478	-7.139	0.006
383.662	-7.097	0.038
384.487	-7.146	0.01
384.647	-7.161	0.009
387.644	-7.159	0.01
388.558	-7.196	0.01
388.563	-7.173	0.011
391.665	-7.231	0.017
392.472	-7.205	0.011
392.597	-7.208	0.008
393.505	-7.208	0.009
393.626	-7.21	0.009
395.495	-7.216	0.006
395.629	-7.232	0.006
397.563	-7.249	0.011
397.663	-7.231	0.008
398.501	-7.211	0.009
398.617	-7.234	0.008
401.467	-7.225	0.027
402.537	-7.193	0.013
406.473	-7.162	0.009
409.464	-7.171	0.014
409.582	-7.199	0.025
412.592	-7.179	0.014
413.67	-7.164	0.016
414.597	-7.171	0.009
417.507	-7.198	0.007
420.466	-7.213	0.008
420.567	-7.198	0.009
421.477	-7.192	0.011
421.636	-7.214	0.023
422.451	-7.199	0.007
422.556	-7.205	0.008
423.612	-7.185	0.026
425.447	-7.272	0.014
425.55	-7.258	0.01
426.463	-7.252	0.016
426.605	-7.277	0.015
426.618	-7.27	0.014
427.61	-7.249	0.012
428.443	-7.262	0.013
430.552	-7.25	0.017
432.681	-7.316	0.033
436.48	-7.288	0.007
437.427	-7.311	0.006
438.43	-7.288	0.007
438.611	-7.317	0.015
439.428	-7.293	0.008
441.527	-7.267	0.007
441.681	-7.305	0.011
442.449	-7.271	0.006
442.504	-7.251	0.007
442.685	-7.3	0.01
444.443	-7.252	0.011
444.569	-7.248	0.011
445.485	-7.229	0.007
446.434	-7.244	0.008
451.419	-7.24	0.015
451.557	-7.173	0.019
452.41	-7.188	0.012
452.677	-7.194	0.02
453.49	-7.177	0.01
453.605	-7.195	0.015
454.45	-7.11	0.015
455.678	-7.172	0.021
457.52	-7.094	0.016
459.485	-7.123	0.045
460.406	-7.184	0.054
460.53	-7.045	0.047
461.465	-7.09	0.019
462.435	-7.145	0.017
463.441	-7.13	0.013
464.559	-7.159	0.014
465.46	-7.151	0.007
466.457	-7.166	0.006
469.507	-7.208	0.013
470.399	-7.22	0.008
471.402	-7.213	0.008
472.402	-7.14	0.047
473.402	-7.233	0.008
473.51	-7.264	0.007
474.404	-7.245	0.007
474.532	-7.29	0.008
475.403	-7.284	0.006
475.504	-7.285	0.009
476.392	-7.272	0.007
476.499	-7.298	0.007
477.39	-7.269	0.01
477.499	-7.328	0.008
478.405	-7.286	0.007
480.401	-7.302	0.007
481.556	-7.338	0.01
483.482	-7.329	0.01
484.419	-7.283	0.011
484.553	-7.351	0.013
485.403	-7.316	0.009
486.462	-7.328	0.022
488.465	-7.311	0.063
489.41	-7.288	0.012
491.394	-7.286	0.012
492.568	-7.312	0.022
494.406	-7.27	0.009
495.379	-7.25	0.011
497.385	-7.244	0.009
499.402	-7.262	0.039
500.386	-7.197	0.011
501.384	-7.186	0.01
502.38	-7.177	0.007
503.381	-7.186	0.009
503.407	-7.172	0.008
504.389	-7.165	0.009
507.423	-7.189	0.02
508.518	-7.181	0.033
509.507	-7.184	0.024
510.453	-7.169	0.01
511.387	-7.176	0.009
512.368	-7.148	0.009
517.375	-7.196	0.045
517.797	-7.212	0.018
518.798	-7.153	0.03
519.781	-7.215	0.055
520.378	-7.181	0.018
520.782	-7.129	0.035
521.373	-7.164	0.009
521.8	-7.195	0.026
522.369	-7.252	0.085
522.786	-6.992	0.153
523.368	-7.186	0.022
528.784	-7.274	0.049
529.367	-7.232	0.015
529.78	-7.192	0.013
530.376	-7.209	0.01
531.373	-7.173	0.037
532.383	-7.307	0.066
533.374	-7.204	0.011
538.366	-7.237	0.074
538.783	-7.265	0.019
539.415	-7.29	0.017
539.757	-7.293	0.024
540.371	-7.265	0.01
541.371	-7.287	0.02
542.425	-7.289	0.025
546.418	-7.315	0.022
546.813	-7.279	0.008
548.77	-7.268	0.053
549.366	-7.263	0.02
553.375	-7.11	0.029
555.763	-7.135	0.015
556.724	-7.12	0.019
557.373	-7.082	0.016
557.691	-7.101	0.015
558.4	-7.08	0.032
559.777	-7.055	0.015
560.681	-7.057	0.044
561.379	-7.055	0.015
562.376	-7.032	0.013
563.367	-7.031	0.014
565.372	-6.892	0.026
565.659	-6.923	0.021
566.361	-6.938	0.036
566.668	-6.882	0.016
568.376	-6.867	0.03
571.682	-6.768	0.022
572.631	-6.785	0.032
573.666	-6.725	0.04
576.693	-6.599	0.041
576.788	-6.707	0.019
578.629	-6.691	0.148
580.65	-6.683	0.043
581.649	-6.71	0.03
585.637	-6.537	0.053
586.618	-6.586	0.03
587.635	-6.564	0.04
588.666	-6.584	0.017
589.78	-6.512	0.098
591.769	-6.151	0.133
592.607	-6.868	0.13
592.67	-6.526	0.028
593.595	-6.451	0.144
594.603	-6.479	0.013
595.594	-6.449	0.017
596.61	-6.5	0.043
597.707	-6.118	0.127
598.59	-6.387	0.041
599.575	-6.444	0.017
600.577	-6.328	0.038
601.563	-6.288	0.037
602.783	-6.353	0.033
610.557	-6.242	0.087
629.509	-6.137	0.027
630.551	-5.823	0.482
630.647	-6.146	0.045
631.606	-6.147	0.019
632.524	-6.12	0.037
633.543	-6.122	0.021
634.533	-6.129	0.022
635.492	-6.148	0.134
635.715	-6.115	0.026
636.781	-6.166	0.035
637.517	-6.113	0.049
641.714	-6.143	0.077
642.492	-6.201	0.019
643.573	-6.203	0.029
644.593	-6.263	0.025
645.548	-6.288	0.025
645.78	-6.199	0.04
646.588	-6.336	0.062
647.551	-6.341	0.037
649.583	-6.338	0.016
650.466	-6.368	0.027
651.501	-6.425	0.037
653.742	-6.417	0.011
654.622	-6.451	0.011
656.736	-6.473	0.017
657.671	-6.46	0.029
659.52	-6.47	0.014
660.448	-6.504	0.017
662.655	-6.475	0.039
663.46	-6.47	0.026
664.537	-6.49	0.036
666.542	-6.508	0.034
667.747	-6.682	0.183
668.475	-6.423	0.037
668.748	-6.431	0.051
679.579	-6.431	0.013
679.742	-6.648	0.109
680.432	-6.471	0.017
684.508	-6.509	0.013
686.472	-6.569	0.01
688.522	-6.631	0.019
688.73	-6.601	0.02
689.533	-6.611	0.012
689.726	-6.637	0.014
690.488	-6.669	0.027
690.727	-6.682	0.012
691.471	-6.73	0.034
692.486	-6.714	0.016
694.487	-6.76	0.01
694.728	-6.809	0.017
695.62	-6.789	0.024
749.474	-6.94	0.008
751.599	-6.978	0.015
752.483	-6.983	0.011
753.505	-6.993	0.01
754.549	-6.988	0.013
755.459	-7.057	0.033
755.755	-7.08	0.029
757.461	-7.063	0.017
758.547	-7.064	0.017
761.694	-7.055	0.019
763.484	-7.062	0.01
765.605	-7.048	0.015
767.474	-7.072	0.011
769.742	-7.138	0.016
773.58	-7.119	0.064
775.451	-7.085	0.007
776.455	-7.128	0.01
776.762	-7.143	0.016
777.479	-7.095	0.023
781.651	-7.132	0.008
782.59	-7.117	0.011
783.521	-7.105	0.013
785.675	-7.234	0.082
786.513	-7.174	0.014
788.727	-6.99	0.102
789.242	-7.161	0.011
789.502	-7.248	0.023
790.449	-7.182	0.006
790.744	-7.161	0.024
791.465	-7.15	0.014
792.447	-7.163	0.006
792.746	-7.222	0.027
793.44	-7.182	0.007
794.446	-7.184	0.008
795.749	-7.192	0.023
800.429	-7.205	0.038
800.452	-7.198	0.017
800.734	-7.179	0.026
801.439	-7.207	0.011
801.728	-7.24	0.023
802.585	-7.213	0.009
802.715	-7.231	0.01
803.444	-7.198	0.007
803.712	-7.229	0.012
804.464	-7.194	0.012
805.437	-7.195	0.009
805.699	-7.217	0.02
806.459	-7.182	0.007
809.435	-7.164	0.009
810.437	-7.167	0.012
811.443	-7.156	0.01
812.441	-7.149	0.019
812.698	-7.17	0.03
813.436	-7.102	0.014
815.436	-7.066	0.014
818.647	-7.066	0.037
821.605	-7.112	0.037
822.614	-7.037	0.011
823.516	-7.02	0.008
824.585	-7.035	0.013
825.403	-7.003	0.017
826.406	-7.008	0.014
827.403	-7.002	0.008
827.556	-7.028	0.011
828.485	-7.01	0.01
829.529	-7.044	0.015
832.475	-7.031	0.019
833.61	-7.121	0.015
834.466	-7.094	0.008
835.43	-7.075	0.007
835.631	-7.137	0.031
836.644	-7.107	0.013
837.376	-7.143	0.009
837.634	-7.14	0.017
838.477	-7.138	0.009
839.45	-7.149	0.013
840.51	-7.153	0.012
841.45	-7.157	0.018
842.465	-7.183	0.012
842.617	-7.167	0.029
843.458	-7.167	0.014
843.471	-7.157	0.012
844.503	-7.202	0.047
845.606	-7.201	0.039
846.56	-7.189	0.03
847.566	-7.188	0.061
848.48	-7.178	0.014
849.514	-7.198	0.013
850.533	-7.213	0.01
854.452	-7.159	0.007
855.457	-7.149	0.007
856.399	-7.128	0.008
858.502	-7.157	0.01
860.475	-7.142	0.01
861.384	-7.128	0.007
862.45	-7.158	0.009
863.438	-7.227	0.041
864.476	-7.187	0.008
865.461	-7.182	0.011
865.824	-7.176	0.083
866.42	-7.172	0.015
868.814	-7.195	0.017
869.469	-7.256	0.021
870.471	-7.2	0.11
870.808	-7.238	0.042
871.82	-7.224	0.013
873.422	-7.21	0.033
873.822	-7.298	0.032
875.453	-7.248	0.033
877.418	-7.239	0.052
882.472	-7.189	0.01
886.418	-7.171	0.011
888.443	-7.101	0.019
888.783	-7.12	0.033
889.418	-7.111	0.016
889.775	-7.135	0.026
890.818	-7.089	0.01
891.401	-7.086	0.012
893.417	-7.11	0.018
894.739	-7.082	0.033
895.451	-6.927	0.075
895.773	-7.073	0.029
896.475	-7.054	0.027
897.758	-7.005	0.034
899.786	-6.965	0.012
902.794	-6.904	0.033
903.389	-6.883	0.04
907.447	-6.961	0.024
907.826	-6.928	0.023
908.747	-6.947	0.016
909.426	-6.943	0.017
909.819	-6.944	0.01
910.434	-6.94	0.02
911.786	-6.936	0.019
912.842	-6.917	0.021
913.431	-6.961	0.037
914.829	-6.922	0.078
915.385	-6.963	0.025
915.79	-6.933	0.019
916.796	-6.922	0.017
917.419	-7.005	0.028
917.777	-6.891	0.014
918.783	-6.899	0.009
918.82	-6.88	0.008
919.411	-6.926	0.014
922.407	-6.763	0.153
922.815	-6.852	0.013
923.818	-6.861	0.014
924.395	-6.9	0.042
926.393	-6.779	0.059
926.838	-6.89	0.026
927.386	-6.902	0.016
927.818	-6.876	0.015
929.381	-6.926	0.035
930.378	-7.026	0.095
931.381	-6.94	0.068
932.375	-6.81	0.067
932.826	-6.856	0.028
933.828	-6.855	0.02
934.369	-6.899	0.019
935.724	-7.025	0.067
936.669	-6.878	0.027
936.836	-6.863	0.023
937.36	-6.961	0.052
937.705	-6.775	0.096
938.716	-6.858	0.027
939.748	-6.793	0.011
943.642	-6.78	0.022
943.828	-6.76	0.013
944.683	-6.775	0.012
945.722	-6.724	0.019
945.832	-6.76	0.02
946.684	-6.761	0.015
948.648	-6.779	0.021
949.655	-6.697	0.041
949.831	-6.7	0.016
950.646	-6.682	0.033
951.647	-6.661	0.008
954.626	-6.631	0.068
954.817	-6.601	0.022
955.639	-6.591	0.019
955.816	-6.594	0.011
956.647	-6.616	0.016
956.811	-6.596	0.008
957.605	-6.618	0.015
957.82	-6.605	0.016
958.762	-6.561	0.017
962.643	-6.736	0.053
963.639	-6.658	0.085
963.817	-6.627	0.043
964.637	-6.617	0.042
965.674	-6.635	0.026
966.604	-6.671	0.017
966.609	-6.66	0.021
967.611	-6.636	0.032
967.703	-6.589	0.009
967.796	-6.604	0.013
968.634	-6.642	0.015
968.818	-6.603	0.05
969.603	-6.645	0.015
972.644	-6.632	0.023
973.633	-6.6	0.013
974.701	-6.551	0.015
974.806	-6.597	0.013
975.664	-6.595	0.018
975.806	-6.536	0.023
976.668	-6.584	0.019
978.743	-6.534	0.024
979.624	-6.463	0.017
981.642	-6.481	0.014
982.804	-6.468	0.018
983.635	-6.484	0.012
983.787	-6.449	0.019
984.51	-6.483	0.053
984.794	-6.433	0.035
985.635	-6.456	0.03
985.792	-6.414	0.022
986.662	-6.429	0.029
986.795	-6.431	0.031
987.624	-6.397	0.033
987.794	-6.401	0.029
988.621	-6.446	0.096
988.798	-6.458	0.107
989.618	-6.333	0.048
990.793	-6.315	0.048
991.795	-6.052	0.385
993.645	-6.324	0.039
993.793	-6.223	0.206
994.6	-6.196	0.112
994.793	-6.332	0.096
995.598	-6.285	0.045
995.795	-6.249	0.078
996.603	-6.197	0.161
996.795	-6.17	0.086
997.632	-6.265	0.017
997.792	-6.208	0.043
998.761	-6.285	0.051
999.63	-6.298	0.077
1000.63	-6.234	0.025
1002.61	-6.251	0.018
1004.62	-6.259	0.027
1005.67	-6.231	0.021
1006.67	-6.314	0.038
1007.59	-6.271	0.017
1007.78	-6.242	0.025
1010.54	-6.299	0.02
1011.53	-6.274	0.017
1011.77	-6.259	0.024
1012.6	-6.304	0.026
1013.57	-6.257	0.042
1014.65	-6.329	0.025
1015.63	-6.331	0.022
1016.58	-6.347	0.015
1017.61	-6.364	0.015
1019.52	-6.539	0.032
1022.59	-6.425	0.042
1024.72	-6.49	0.02
1025.51	-6.511	0.027
1026.51	-6.526	0.015
1026.76	-6.524	0.021
1028.64	-6.501	0.016
1030.65	-6.572	0.024
1031.59	-6.513	0.034
1037.65	-6.5	0.017
1041.7	-6.456	0.017
1042.56	-6.398	0.014
1043.51	-6.433	0.02
1044.63	-6.417	0.018
1047.52	-6.38	0.028
1048.49	-6.315	0.061
1049.47	-6.294	0.049
1050.58	-6.357	0.03
1050.7	-6.226	0.016
1051.71	-6.34	0.042
1053.52	-6.354	0.043
1058.51	-6.341	0.015
1059.54	-6.41	0.025
1064.57	-6.428	0.021
1065.53	-6.455	0.017
1066.59	-6.448	0.014
1067.52	-6.465	0.008
1068.56	-6.489	0.008
1069.58	-6.491	0.008
1070.53	-6.503	0.014
1072.57	-6.55	0.02
1073.56	-6.589	0.011
1074.58	-6.554	0.009
1075.68	-6.58	0.014
1076.7	-6.615	0.067
1077.53	-6.617	0.04
1079.54	-6.676	0.017
1080.63	-6.675	0.021
1081.53	-6.677	0.028
1082.6	-6.848	0.042
1092.49	-6.668	0.025
1094.65	-6.667	0.008
1100.52	-6.613	0.011
1105.45	-6.67	0.013
1106.69	-6.693	0.008
1107.55	-6.709	0.014
1110.51	-6.779	0.031
1128.53	-7.011	0.007
1129.66	-7.054	0.008
1131.54	-7.042	0.013
1132.64	-7.034	0.007
1136.58	-6.993	0.009
1137.75	-6.989	0.014
1139.57	-6.954	0.016
1141.7	-6.873	0.025
1144.6	-6.852	0.038
1161.51	-6.839	0.013
1163.69	-6.901	0.024
1165.59	-7.036	0.03
1166.73	-6.991	0.014
1167.49	-6.94	0.014
1168.69	-7.058	0.038
1172.49	-7.057	0.013
1174.5	-7.061	0.009
1176.48	-7.089	0.006
1177.57	-7.136	0.01
1178.51	-7.132	0.01
1179.65	-7.191	0.01
1181.48	-7.165	0.023
1182.68	-7.233	0.009
1183.49	-7.165	0.011
1184.66	-7.228	0.012
1185.48	-7.19	0.006
1186.51	-7.211	0.008
1187.5	-7.196	0.006
1192.56	-7.236	0.04
1195.64	-7.311	0.025
1196.49	-7.192	0.038
1201.47	-7.22	0.028
1203.5	-7.189	0.014
1205.56	-7.2	0.008
1208.47	-7.156	0.012
1210.54	-7.203	0.022
1212.52	-7.135	0.007
1219.51	-7.111	0.013
1220.58	-7.121	0.016
1228.53	-7.373	0.045
1232.55	-7.366	0.017
1233.48	-7.385	0.007
1235.47	-7.402	0.008
1239.43	-7.39	0.013
1241.44	-7.378	0.021
1243.39	-7.327	0.007
1245.48	-7.354	0.01
1249.45	-7.272	0.008
1252.38	-7.243	0.019
1257.38	-7.261	0.029
1262.39	-7.17	0.034
1264.38	-7.207	0.01
1266.37	-7.196	0.014
1267.38	-7.244	0.008
1268.38	-7.25	0.007
1272.37	-7.296	0.008
1279.38	-7.345	0.019
1282.82	-7.371	0.009
1284.81	-7.357	0.01
1289.82	-7.285	0.067
1290.39	-7.352	0.02
1293.84	-7.274	0.012
1294.79	-7.308	0.011
1298.73	-7.27	0.009
1304.65	-7.218	0.015
1306.74	-7.202	0.012
1308.8	-7.166	0.022
1310.64	-7.157	0.009
1312.76	-7.163	0.015
1314.76	-7.187	0.071
1315.63	-7.176	0.053
1316.66	-7.153	0.022
1317.8	-7.124	0.015
1318.64	-7.157	0.016
1319.71	-7.135	0.011
1320.71	-7.143	0.01
1321.73	-7.169	0.017
1322.72	-7.125	0.024
1323.8	-7.154	0.019
1325.75	-7.164	0.042
1326.6	-7.15	0.016
1328.63	-7.172	0.019
1329.71	-7.169	0.008
1330.62	-7.211	0.011
1331.71	-7.186	0.02
1332.8	-7.203	0.018
1334.58	-7.244	0.008
1338.59	-7.291	0.01
1340.77	-7.306	0.022
1342.63	-7.316	0.031
1343.69	-7.318	0.012
1344.68	-7.299	0.011
1346.55	-7.294	0.059
1347.54	-7.274	0.02
1349.56	-7.274	0.01
1351.76	-7.218	0.008
1357.59	-7.075	0.037
1359.52	-7.093	0.011
1363.58	-7.078	0.012
1364.53	-7.089	0.01
1371.56	-7.045	0.014
1371.77	-7.067	0.012
1373.59	-7.045	0.016
1374.65	-6.997	0.042
1375.67	-7.048	0.016
1380.61	-7.048	0.024
1382.59	-7.098	0.007
1383.58	-7.135	0.007
1384.66	-7.143	0.013
1390.54	-7.233	0.01
1392.51	-6.956	0.244
1396.7	-7.231	0.009
1398.64	-7.236	0.01
1399.68	-7.224	0.019
1406.52	-7.179	0.037
1410.52	-7.017	0.022
1415.6	-6.968	0.006
1415.72	-6.976	0.007
1422.58	-6.972	0.009
1423.57	-6.978	0.02
1424.64	-6.999	0.013
1425.62	-6.884	0.056
1425.66	-6.988	0.009
1431.68	-7.005	0.009
1434.55	-7.006	0.027
1435.56	-7.039	0.013
1438.56	-7.044	0.014
1438.73	-7.08	0.02
1440.53	-7.048	0.011
1443.56	-7.071	0.007
1448.5	-7.052	0.006
1449.56	-7.023	0.014
1451.53	-7.034	0.01
1454.6	-6.988	0.006
1455.73	-6.977	0.014
1463.66	-6.848	0.012
1465.54	-6.765	0.009
1466.54	-6.765	0.011
1468.57	-6.737	0.04
1468.61	-6.735	0.011
1472.56	-6.682	0.009
1476.68	-6.6	0.019
1478.62	-6.606	0.01
1482.54	-6.628	0.01
1484.58	-6.626	0.009
1485.57	-6.647	0.008
1486.58	-6.649	0.008
1500.53	-6.765	0.016
1502.73	-6.836	0.051
1503.56	-6.765	0.008
1504.56	-6.755	0.009
1505.57	-6.739	0.011
1508.54	-6.652	0.01
1509.47	-6.659	0.012
1511.46	-6.613	0.02
1512.52	-6.635	0.021
1514.77	-6.541	0.054
1515.61	-6.56	0.013
1518.48	-6.484	0.012
1520.55	-6.483	0.017
1522.51	-6.512	0.034
1528.49	-6.419	0.016
1530.72	-6.494	0.036
1532.55	-6.466	0.013
1534.46	-6.407	0.054
1538.54	-6.51	0.029
1540.69	-6.57	0.032
1545.64	-6.668	0.022
1549.52	-6.692	0.045
1550.6	-6.756	0.026
1551.5	-6.808	0.051
1553.63	-6.897	0.206
1555.46	-6.831	0.02
1558.49	-6.926	0.011
1562.45	-6.957	0.017
1562.53	-7.006	0.015
1565.44	-7.013	0.018
1569.42	-6.962	0.008
1570.52	-6.957	0.009
1573.48	-6.67	0.393
1574.53	-6.897	0.016
1575.57	-6.917	0.022
1577.45	-6.821	0.039
1578.46	-6.869	0.016
1579.43	-7.145	0.243
1583.42	-6.867	0.021
1587.49	-6.808	0.066
1589.41	-6.944	0.01
1591.43	-6.932	0.017
1592.55	-7.004	0.026
1594.54	-7.014	0.012
1595.38	-7.005	0.007
1596.41	-7.03	0.008
1600.47	-7.089	0.014
1601.41	-7.108	0.029
1601.48	-7.1	0.009
1602.49	-7.086	0.048
1604.38	-7.118	0.009
1605.48	-7.142	0.009
1609.38	-7.159	0.008
1611.39	-7.173	0.015
1613.39	-7.213	0.017
1615.46	-7.244	0.024
1616.48	-7.244	0.016
1618.44	-7.222	0.012
1620.38	-7.194	0.007
1622.37	-7.121	0.011
1624.38	-7.173	0.008
1631.37	-7.134	0.01
1632.37	-7.131	0.009
1635.41	-7.101	0.022
1640.78	-7.091	0.019
1643.37	-6.896	0.123
1644.38	-7.143	0.008
1648.76	-7.149	0.014
1653.76	-7.18	0.008
1655.71	-7.166	0.014
1670.76	-7.318	0.021
1673.76	-7.256	0.028
1674.81	-7.267	0.013
1677.66	-7.292	0.041
1678.82	-7.243	0.012
1679.67	-7.272	0.011
1680.82	-7.237	0.02
1681.72	-7.211	0.01
1683.8	-7.175	0.01
1684.65	-7.185	0.014
1685.73	-7.171	0.017
1687.77	-7.139	0.008
1688.73	-7.15	0.016
1692.7	-7.13	0.007
1696.79	-7.137	0.009
1699.63	-7.173	0.025
1704.75	-7.267	0.022
1706.76	-7.236	0.01
1710.64	-7.288	0.011
1712.68	-7.34	0.007
1717.79	-7.415	0.009
1718.69	-7.42	0.008
1725.53	-7.34	0.024
1726.65	-7.331	0.009
1727.62	-7.307	0.015
1730.51	-7.299	0.018
1736.58	-7.152	0.007
1737.61	-7.139	0.006
1741.5	-7.137	0.019
1741.76	-7.121	0.014
1743.6	-7.101	0.009
1745.54	-7.111	0.029
1746.56	-7.122	0.006
1747.55	-7.127	0.008
1748.53	-7.136	0.007
1751.55	-7.147	0.008
1753.53	-7.187	0.012
1754.56	-7.204	0.007
1756.57	-7.218	0.008
1757.53	-7.247	0.027
1761.6	-7.289	0.011
1762.61	-7.299	0.011
1765.68	-7.328	0.01
1766.5	-7.337	0.007
1766.72	-7.305	0.005
1771.71	-7.335	0.007
1772.55	-7.321	0.006
1773.59	-7.328	0.007
1774.64	-7.311	0.011
1776.66	-7.308	0.013
1778.64	-7.323	0.008
1782.51	-7.324	0.007
1783.51	-7.339	0.007
1783.74	-7.317	0.009
1784.54	-7.323	0.009
1786.51	-7.3	0.013
1787.59	-7.302	0.012
1788.59	-7.296	0.008
1789.65	-7.346	0.028
1793.7	-7.227	0.029
1796.5	-7.19	0.013
1796.56	-7.171	0.01
1797.56	-7.176	0.006
1799.67	-7.15	0.006
1801.51	-7.139	0.008
1802.71	-7.138	0.007
1803.55	-7.123	0.005
1805.63	-7.155	0.007
1808.54	-7.185	0.009
1809.56	-7.207	0.008
1810.58	-7.221	0.013
1812.58	-7.246	0.007
1814.54	-7.285	0.008
1815.58	-7.317	0.013
1816.71	-7.31	0.012
1822.58	-7.339	0.006
1825.55	-7.344	0.008
1827.68	-7.333	0.006
1828.61	-7.337	0.006
1829.57	-7.321	0.006
1830.59	-7.304	0.009
1832.67	-7.276	0.007
1833.72	-7.251	0.028
1838.52	-7.155	0.005
1839.52	-7.115	0.021
1840.7	-7.093	0.039
1842.53	-7.102	0.01
1844.54	-7.078	0.012
1845.56	-7.022	0.021
1846.63	-7.027	0.016
1847.63	-7.027	0.013
1855.72	-6.99	0.01
1856.65	-6.973	0.01
1861.67	-6.952	0.008
1869.65	-6.9	0.008
1871.69	-6.911	0.013
1874.57	-6.877	0.011
1879.72	-6.831	0.036
1886.72	-6.737	0.022
1896.53	-6.53	0.022
1898.68	-6.517	0.03
1903.57	-6.538	0.061
1907.47	-6.528	0.027
1910.57	-6.568	0.026
1912.55	-6.552	0.032
1918.5	-6.559	0.014
1920.6	-6.592	0.014
1923.65	-6.565	0.019
1927.6	-6.575	0.016
1930.48	-6.571	0.017
1934.51	-6.619	0.021
1942.46	-6.585	0.012
1946.49	-6.624	0.015
1953.54	-6.657	0.02
1956.52	-6.707	0.021
1959.39	-6.721	0.017
1970.48	-6.813	0.027
1976.48	-6.864	0.022
1980.42	-6.881	0.01
1984.83	-6.869	0.009
1991.38	-6.852	0.022
1994.41	-6.822	0.032
1999.41	-6.834	0.011
2008.77	-6.907	0.025
2016.36	-6.923	0.023
2016.72	-6.937	0.013
2019.37	-6.911	0.016
2029.71	-6.925	0.013
2034.8	-6.92	0.009
2037.69	-6.941	0.01
2039.77	-6.969	0.008
2047.63	-7.173	0.016
2051.73	-7.191	0.009
2057.64	-7.229	0.013
2059.61	-7.217	0.022
2061.8	-7.241	0.029
2066.74	-7.111	0.007
2078.74	-6.992	0.008
2081.72	-6.99	0.01
2092.63	-7.091	0.012
2095.53	-7.169	0.017
2096.67	-7.143	0.008
2098.6	-7.147	0.006
2099.75	-7.185	0.012
2102.55	-7.233	0.019
2107.63	-7.253	0.005
2108.75	-7.263	0.013
2110.59	-7.273	0.016
2111.69	-7.274	0.017
2113.58	-7.291	0.015
2114.65	-7.306	0.024
2117.73	-7.262	0.009
2120.52	-7.268	0.009
2121.72	-7.221	0.007
2123.61	-7.197	0.007
2125.63	-7.182	0.013
2144.58	-7.149	0.014
2147.48	-7.228	0.007
2148.73	-7.251	0.006
2153.52	-7.342	0.008
2161.55	-7.357	0.006
2170.58	-7.228	0.008
2173.69	-7.217	0.012
2180.51	-7.206	0.012
2182.52	-7.193	0.005
2188.61	-7.197	0.007
2190.7	-7.16	0.021
2202.67	-7.253	0.014
2209.55	-7.3	0.006
2216.72	-7.151	0.009
2219.54	-7.059	0.007
2222.61	-7.004	0.006
2229.53	-6.797	0.038
2236.6	-6.875	0.065
2238.74	-6.813	0.013
2240.71	-6.77	0.03
2242.68	-6.84	0.02
2244.69	-6.824	0.021
2247.56	-6.826	0.01
2252.5	-6.91	0.01
2256.52	-6.926	0.012
2257.71	-6.932	0.017
2259.58	-6.872	0.019
2263.52	-6.812	0.019
2285.54	-6.49	0.017
2287.56	-6.488	0.032
2294.58	-6.594	0.022
2308.47	-6.655	0.015
2318.47	-6.597	0.099
2336.82	-6.365	0.023
2346.46	-6.589	0.024
2357.42	-6.767	0.024
2366.78	-6.776	0.016
2372.74	-6.74	0.013
2377.83	-6.725	0.018
2382.8	-6.65	0.021
2401.79	-6.942	0.015
2425.73	-6.688	0.008
2430.69	-7.003	0.007
2434.58	-7.031	0.016
2439.61	-7.062	0.018
2449.77	-7.119	0.008
2451.76	-7.087	0.018
2461.51	-7.231	0.018
2462.72	-7.202	0.015
2464.71	-7.251	0.031
2473.75	-7.268	0.007
2476.7	-7.245	0.035
2478.74	-7.258	0.007
2486.67	-7.242	0.008
2491.53	-7.204	0.012
2496.6	-7.178	0.011
2504.56	-7.231	0.01
2513.52	-7.218	0.007
2517.62	-7.241	0.007
2523.7	-7.273	0.007
2535.65	-7.331	0.008
2547.67	-7.237	0.008
2552.7	-7.217	0.011
2557.59	-7.223	0.012
2560.51	-7.24	0.01
2561.73	-7.273	0.014
2570.64	-7.207	0.014
2581.73	-7.163	0.012
2600.66	-6.787	0.01
2604.64	-6.757	0.012
2613.44	-6.552	0.021
2618.54	-6.597	0.021
2618.69	-6.6	0.028
2624.46	-6.576	0.01
2626.67	-6.562	0.103
2628.6	-6.573	0.019
2639.42	-6.419	0.014
2653.5	-6.284	0.013
2656.46	-6.27	0.009
2662.49	-6.287	0.015
2663.49	-6.328	0.015
2666.41	-6.288	0.03
2669.41	-6.317	0.022
2676.43	-6.326	0.02
2678.45	-6.343	0.014
2681.45	-6.326	0.014
2684.44	-6.325	0.014
2689.42	-6.238	0.024
2691.5	-6.227	0.02
2695.46	-6.188	0.054
2706.4	-6.419	0.044
2718.36	-6.012	0.272
2729.38	-6.541	0.019
2738.82	-6.666	0.031
2758.78	-6.412	0.198
2766.8	-6.705	0.045
2770.78	-6.674	0.016
2778.74	-6.668	0.023
2784.72	-6.777	0.011
2787.82	-6.822	0.031
2790.78	-6.868	0.009
2797.81	-6.972	0.009
2801.62	-7.043	0.011
2808.65	-7.04	0.02
2810.79	-6.861	0.009
2812.78	-6.916	0.011
2817.65	-7.072	0.008
2823.77	-7.008	0.026
2835.71	-7.003	0.006
2840.54	-7.044	0.011
2845.68	-7.186	0.008
2848.6	-7.205	0.01
2849.76	-7.248	0.019
2855.58	-7.205	0.01
2856.73	-7.242	0.016
2861.57	-7.188	0.008
2866.48	-7.135	0.012
2869.49	-7.077	0.01
2871.6	-7.047	0.007
2878.72	-6.881	0.269
2884.66	-7.044	0.023
2889.56	-7.125	0.007
2890.7	-7.132	0.007
2892.57	-7.186	0.018
2907.56	-7.027	0.096
2910.67	-7.21	0.014
2919.61	-7.038	0.009
