# date	bmag	err
200.698	-8.734	0.005
201.701	-8.788	0.005
218.677	-9.64	0.002
219.692	-9.672	0.002
220.662	-9.706	0.002
226.802	-9.898	0.002
261.695	-9.986	0.001
262.675	-9.97	0.001
264.773	-9.969	0.001
265.77	-9.917	0.001
271.774	-9.864	0.002
285.485	-8.99	0.021
292.639	-9.439	0.003
293.741	-9.403	0.002
294.595	-9.374	0.001
296.594	-9.319	0.003
304.545	-9.124	0.003
305.561	-9.064	0.002
306.513	-9.053	0.006
307.621	-9.002	0.003
308.529	-8.993	0.002
310.668	-8.921	0.002
312.666	-8.843	0.004
314.727	-8.809	0.004
315.551	-8.779	0.003
316.568	-8.735	0.003
318.622	-8.682	0.012
324.67	-8.494	0.004
325.737	-8.45	0.002
326.558	-8.425	0.002
341.705	-7.948	0.008
342.556	-7.899	0.009
343.551	-7.859	0.008
361.576	-7.287	0.01
362.577	-7.242	0.005
364.576	-7.169	0.007
365.556	-7.151	0.007
365.741	-7.175	0.017
366.565	-7.146	0.007
373.513	-6.884	0.012
375.515	-6.847	0.011
375.74	-6.822	0.025
377.531	-6.815	0.013
378.53	-6.759	0.008
378.713	-6.795	0.016
379.535	-7.054	0.201
379.699	-6.754	0.021
380.589	-6.721	0.013
383.525	-6.611	0.007
383.725	-6.68	0.02
384.562	-6.634	0.022
384.696	-6.635	0.021
391.715	-6.471	0.045
392.525	-6.373	0.014
392.643	-6.363	0.017
393.551	-6.37	0.014
393.677	-6.278	0.033
395.546	-6.298	0.009
395.679	-6.282	0.014
397.625	-6.231	0.016
398.525	-6.187	0.016
398.662	-6.254	0.023
402.644	-6.106	0.041
406.501	-5.992	0.019
409.51	-5.896	0.029
413.723	-5.888	0.053
414.488	-5.858	0.014
420.613	-5.718	0.03
421.683	-5.715	0.081
422.481	-5.646	0.019
422.617	-5.593	0.027
423.7	-5.674	0.178
425.46	-5.567	0.038
425.609	-5.662	0.033
426.533	-5.551	0.052
426.676	-5.614	0.058
427.675	-5.479	0.039
430.598	-5.518	0.061
436.527	-5.299	0.038
437.507	-5.354	0.029
438.489	-5.309	0.026
439.486	-5.242	0.036
441.588	-5.26	0.049
442.556	-5.166	0.031
444.494	-5.082	0.048
445.536	-5.139	0.029
446.514	-5.095	0.048
446.627	-5.105	0.036
451.489	-5.032	0.069
452.564	-4.959	0.085
453.541	-5.003	0.115
454.498	-4.864	0.191
457.566	-4.713	0.114
459.536	-3.94	0.988
460.474	-5.275	0.218
463.49	-4.756	0.103
465.535	-4.731	0.085
466.518	-4.595	0.065
471.45	-4.525	0.056
472.453	-4.556	0.05
473.449	-4.538	0.05
473.555	-4.628	0.106
474.458	-4.467	0.07
475.449	-4.641	0.052
476.438	-4.466	0.123
476.544	-4.595	0.08
477.437	-4.541	0.047
477.544	-4.469	0.168
478.45	-4.456	0.053
480.447	-4.41	0.062
483.529	-4.138	0.152
484.472	-4.428	0.132
485.456	-4.326	0.18
488.513	-4.539	0.568
489.46	-4.268	0.234
491.447	-4.564	0.178
494.481	-4.086	0.214
495.444	-4.261	0.152
497.429	-4.189	0.133
499.46	-4.103	0.835
500.433	-4.024	0.144
501.433	-4.195	0.179
502.429	-4.054	0.116
503.443	-4.083	0.094
504.439	-3.954	0.111
511.433	-3.952	0.171
512.42	-4.044	0.143
517.438	-3.338	-3481
518.842	-3.744	0.475
519.826	-1.426	7.259
520.425	-4.094	0.318
520.827	-3.8	0.312
521.418	-4.043	0.513
522.413	-5.167	0.872
522.831	-3.259	1.599
523.413	-4.228	0.31
528.828	-3.431	0.54
529.413	-3.759	0.269
529.831	-3.548	0.218
530.434	-4.144	0.109
531.42	-3.654	0.533
532.824	-3.493	0.369
533.44	-4.877	-1470
538.414	-4.93	0.597
538.83	-3.854	0.265
539.801	-3.709	0.17
540.412	-4.229	0.191
541.413	-3.387	0.53
548.815	-3.96	0.504
557.736	-3.764	0.265
558.792	-3.988	0.134
559.822	-3.953	0.151
560.727	-2.803	2.635
560.754	-4.169	0.155
561.692	-3.976	0.175
562.722	-5.726	0.086
563.719	-4.251	0.873
565.706	-4.497	0.119
566.713	-3.962	0.193
571.744	-4.453	0.139
573.721	-4.495	0.14
576.743	-4.441	0.135
578.674	-4.641	0.531
580.694	-4.8	0.149
581.706	-4.431	0.796
585.682	-4.768	0.141
586.67	-4.923	0.138
587.679	-5.112	0.085
588.711	-5.077	0.04
591.815	-5.094	0.235
592.715	-5.281	0.081
593.641	-5.163	0.143
594.66	-5.42	0.027
595.64	-5.48	0.03
596.665	-5.76	0.141
597.756	-5.549	0.059
598.635	-5.508	0.081
599.638	-5.689	0.034
600.644	-5.733	0.093
601.62	-5.781	0.027
610.607	-6.281	0.069
629.567	-6.699	0.011
631.673	-6.743	0.01
631.701	-6.743	0.009
632.57	-6.736	0.014
633.605	-6.765	0.009
634.617	-6.565	0.012
637.576	-6.814	0.018
646.634	-6.881	0.05
647.625	-6.838	0.019
649.629	-6.842	0.007
650.531	-6.831	0.008
654.689	-6.858	0.008
657.717	-6.869	0.012
659.584	-6.836	0.009
660.495	-6.837	0.009
662.723	-6.901	0.021
663.595	-6.857	0.01
664.589	-6.862	0.024
664.655	-6.874	0.009
666.588	-6.847	0.017
668.521	-6.859	0.015
679.645	-6.845	0.017
684.554	-6.888	0.006
686.588	-6.863	0.007
688.574	-6.889	0.012
689.579	-6.872	0.013
690.55	-6.865	0.014
692.532	-6.862	0.01
694.532	-6.854	0.011
695.672	-6.913	0.044
749.532	-6.829	0.008
752.534	-6.853	0.011
753.552	-6.846	0.01
754.666	-6.874	0.027
755.506	-6.945	0.027
757.623	-6.893	0.028
758.677	-6.828	0.036
761.757	-6.884	0.029
763.537	-6.878	0.01
767.518	-6.863	0.008
775.506	-6.814	0.006
776.579	-6.837	0.013
781.704	-6.79	0.011
782.651	-6.806	0.014
783.715	-6.795	0.019
786.616	-6.839	0.029
789.37	-6.746	0.018
790.703	-6.797	0.03
792.576	-6.787	0.012
793.58	-6.784	0.016
800.563	-7.017	0.016
801.534	-7.058	0.01
802.636	-7.101	0.011
803.536	-7.163	0.009
803.568	-7.201	0.008
805.61	-7.357	0.012
811.602	-7.806	0.01
813.614	-7.866	0.011
815.59	-8.048	0.009
823.59	-8.475	0.003
824.644	-8.541	0.004
825.513	-8.564	0.012
826.564	-8.627	0.005
827.547	-8.675	0.003
828.535	-8.717	0.003
829.589	-8.803	0.006
832.566	-8.909	0.004
834.522	-9.018	0.009
835.541	-9.002	0.002
837.502	-9.073	0.002
839.505	-9.15	0.003
840.563	-9.203	0.003
841.499	-9.224	0.003
842.509	-9.273	0.002
843.522	-9.303	0.002
844.559	-9.33	0.006
849.559	-9.452	0.004
854.497	-9.485	0.002
855.501	-9.493	0.002
856.494	-9.52	0.002
858.547	-9.443	0.009
860.526	-9.513	0.002
862.524	-9.568	0.002
863.493	-9.547	0.005
864.52	-9.553	0.002
865.505	-9.579	0.002
866.465	-9.578	0.003
873.481	-9.612	0.005
886.472	-9.478	0.003
888.824	-9.455	0.003
889.458	-9.457	0.003
890.458	-9.439	0.003
891.446	-9.45	0.003
893.459	-9.42	0.005
894.819	-9.35	0.003
896.438	-9.313	0.003
897.802	-9.309	0.005
899.841	-9.24	0.002
907.42	-9.146	0.004
908.824	-9.075	0.002
909.393	-9.098	0.003
910.396	-9.063	0.004
911.737	-9.02	0.004
913.397	-9.028	0.007
914.395	-8.96	0.007
915.716	-8.938	0.003
916.753	-8.906	0.003
917.384	-8.942	0.005
918.792	-8.862	0.002
919.698	-8.86	0.003
923.707	-8.748	0.003
926.68	-8.71	0.005
927.755	-8.654	0.004
929.701	-8.592	0.004
930.673	-8.59	0.008
931.677	-8.561	0.007
932.718	-8.483	0.009
933.733	-8.493	0.005
934.8	-8.451	0.01
935.759	-8.377	0.013
936.746	-8.395	0.003
937.785	-8.32	0.019
939.797	-8.311	0.003
943.692	-8.217	0.005
945.776	-8.143	0.005
946.732	-8.076	0.004
948.694	-8.077	0.01
949.723	-8.045	0.007
950.697	-7.969	0.005
951.697	-7.955	0.003
951.711	-7.805	0.003
954.671	-7.872	0.007
955.684	-7.809	0.004
956.691	-7.816	0.004
957.657	-7.754	0.005
962.7	-7.644	0.025
963.694	-7.603	0.023
964.687	-7.558	0.01
965.725	-7.509	0.008
966.678	-7.397	0.007
967.658	-7.313	0.006
968.681	-7.328	0.006
969.658	-7.411	0.011
972.704	-7.313	0.009
973.706	-7.26	0.005
975.711	-7.199	0.007
978.794	-7.155	0.014
981.695	-7.021	0.006
982.685	-6.999	0.007
983.683	-6.973	0.007
984.591	-6.955	0.019
985.689	-6.897	0.023
986.707	-6.863	0.015
987.669	-6.785	0.017
988.669	-6.811	0.036
989.795	-6.866	0.054
993.687	-6.626	0.035
994.645	-6.589	0.037
995.643	-6.58	0.026
996.652	-6.512	0.083
997.697	-6.5	0.016
1000.67	-6.583	0.094
1002.71	-6.4	0.012
1004.68	-6.337	0.015
1005.72	-6.307	0.017
1006.72	-6.322	0.026
1007.64	-6.252	0.019
1010.59	-6.142	0.025
1011.58	-6.17	0.012
1012.65	-6.065	0.042
1015.68	-5.588	0.217
1016.64	-6	0.012
1019.59	-5.922	0.063
1022.65	-5.844	0.049
1025.57	-5.75	0.025
1026.56	-5.723	0.024
1030.71	-5.654	0.028
1031.72	-5.576	0.047
1037.7	-5.455	0.048
1042.62	-5.334	0.017
1043.55	-5.385	0.024
1044.69	-5.322	0.033
1047.57	-5.327	0.093
1049.66	-5.212	0.058
1050.63	-5.075	0.081
1053.58	-4.926	0.171
1058.56	-4.987	0.027
1064.61	-4.77	0.048
1065.58	-4.715	0.054
1066.63	-4.808	0.042
1067.56	-4.773	0.02
1068.61	-4.77	0.025
1069.63	-4.691	0.033
1072.61	-4.493	0.07
1073.61	-4.675	0.04
1074.63	-4.65	0.023
1077.57	-4.702	0.242
1080.68	-4.727	0.097
1081.58	-4.44	0.156
1083.63	-4.457	0.089
1093.48	-3.947	0.102
1094.7	-4.214	0.056
1100.58	-4.071	0.063
1105.51	-4.07	0.061
1107.6	-3.955	0.096
1110.56	-4.288	0.277
1128.58	-3.732	0.09
1129.71	-3.193	0.246
1132.44	-3.593	0.11
1136.64	-3.357	0.184
1138.73	-3.214	0.759
1139.63	-3.68	0.29
1139.63	-3.447	0.378
1141.76	-4.044	0.367
1144.7	-3.606	0.66
1161.57	-3.299	0.165
1164.49	-3.523	0.176
1165.64	-3.936	0.457
1172.54	-2.438	0.975
1174.56	-3.249	0.254
1176.53	-3.11	0.908
1177.61	-3.703	2.018
1177.63	-3.31	0.314
1178.56	-2.818	1.207
1182.46	-3.338	0.195
1183.56	-3.706	0.257
1185.61	-3.427	0.503
1186.63	-3.74	0.156
1187.6	-3.509	0.204
1195.47	-3.711	0.177
1196.56	-4.24	0.221
1202.47	-3.731	0.479
1206.46	-4.229	0.056
1208.52	-4.288	0.131
1213.51	-4.267	0.164
1220.48	-4.626	0.091
1229.48	-4.653	0.115
1243.46	-5.161	0.043
1246.44	-5.558	0.9
1264.43	-5.607	0.046
1268.42	-5.774	0.024
1295.7	-6.256	0.039
1298.79	-6.619	0.012
1304.7	-6.857	0.103
1304.74	-6.788	0.015
1306.78	-6.792	0.019
1309.67	-6.862	0.024
1310.76	-6.899	0.008
1312.8	-6.918	0.016
1313.79	-6.946	0.01
1314.81	-6.968	0.013
1315.68	-6.998	0.022
1316.7	-7.027	0.016
1318.69	-6.985	0.016
1319.76	-7.073	0.007
1320.75	-7.076	0.013
1321.79	-7.083	0.014
1322.79	-7.107	0.022
1324.73	-7.108	0.006
1325.8	-7.104	0.015
1326.65	-7.108	0.011
1328.67	-7.174	0.018
1330.57	-7.177	0.012
1331.76	-7.195	0.017
1334.62	-7.144	0.007
1338.63	-7.135	0.009
1342.68	-7.132	0.017
1343.73	-7.135	0.01
1344.75	-7.143	0.008
1347.59	-7.136	0.015
1349.64	-7.119	0.012
1357.63	-7.013	0.016
1359.76	-6.963	0.007
1363.66	-6.937	0.014
1364.58	-6.919	0.007
1371.61	-6.783	0.011
1373.64	-6.777	0.013
1374.7	-6.726	0.022
1375.72	-6.769	0.02
1380.65	-6.548	0.053
1382.63	-6.572	0.009
1383.62	-6.552	0.008
1384.7	-6.586	0.028
1390.59	-6.378	0.02
1397.48	-6.347	0.046
1398.69	-6.224	0.109
1400.52	-6.232	0.046
1406.57	-6.127	0.037
1408.71	-6.002	0.086
1413.57	-5.973	0.012
1415.64	-5.975	0.013
1423.64	-6.419	0.244
1424.73	-6.027	0.066
1434.59	-6.656	0.021
1438.6	-7.233	0.02
1440.57	-7.473	0.008
1444.56	-8.028	0.004
1448.56	-8.478	0.003
1449.6	-8.597	0.004
1453.55	-8.898	0.002
1455.64	-9.029	0.002
1465.59	-9.345	0.002
1466.58	-9.347	0.002
1468.72	-9.378	0.002
1478.67	-9.376	0.002
1482.63	-9.33	0.002
1484.65	-9.325	0.002
1485.62	-9.309	0.002
1486.64	-9.304	0.002
1500.58	-9.195	0.002
1503.61	-9.185	0.005
1504.62	-9.18	0.003
1505.65	-9.172	0.002
1508.59	-9.137	0.002
1509.54	-9.133	0.002
1511.51	-9.134	0.003
1512.64	-9.128	0.004
1518.53	-9.087	0.002
1520.61	-9.108	0.004
1528.58	-9.033	0.003
1531.48	-8.978	0.002
1534.57	-8.963	0.005
1536.61	-8.933	0.004
1547.61	-8.777	0.006
1549.58	-8.768	0.015
1550.64	-8.716	0.017
1551.54	-8.694	0.008
1556.52	-8.591	0.006
1557.57	-8.576	0.015
1558.56	-8.551	0.003
1562.49	-8.471	0.004
1565.49	-8.395	0.008
1569.46	-8.3	0.003
1573.53	-8.224	0.01
1575.45	-8.18	0.006
1577.49	-8.177	0.011
1578.53	-8.115	0.008
1589.46	-7.853	0.007
1591.48	-7.804	0.009
1593.45	-7.73	0.007
1595.42	-7.68	0.004
1596.46	-7.653	0.005
1597.53	-7.637	0.006
1602.38	-7.482	0.023
1604.42	-7.464	0.006
1606.39	-7.39	0.007
1609.42	-7.337	0.007
1615.83	-7.087	0.014
1619.38	-7.077	0.006
1621.38	-7.003	0.008
1622.41	-6.97	0.015
1624.43	-6.918	0.009
1631.42	-6.818	0.025
1632.82	-6.652	0.011
1636.82	-6.563	0.047
1644.74	-6.335	0.027
1648.8	-6.241	0.018
1654.37	-6.208	0.029
1655.79	-6.039	0.014
1665.83	-5.869	0.028
1677.71	-5.699	0.119
1679.71	-5.518	0.05
1681.76	-5.41	0.021
1684.7	-5.454	0.064
1685.77	-5.454	0.057
1687.82	-5.388	0.059
1688.78	-5.239	0.045
1697.74	-5.009	0.037
1704.81	-4.732	0.469
1705.71	-4.906	0.044
1707.8	-4.917	0.056
1710.79	-4.744	0.063
1712.73	-4.73	0.04
1719.79	-4.733	0.112
1725.58	-4.633	0.152
1726.7	-4.428	0.071
1727.68	-4.719	0.169
1729.62	-4.199	0.397
1730.63	-4.524	0.167
1736.63	-4.359	0.038
1741.55	-4.302	0.083
1743.75	-3.708	0.246
1745.59	-4.063	0.095
1746.61	-4.273	0.037
1747.6	-4.169	0.039
1748.58	-4.196	0.044
1751.59	-4.03	0.085
1753.58	-3.708	0.155
1754.6	-4.166	0.045
1756.62	-4.119	0.083
1757.58	-2.521	1.135
1761.68	-2.969	0.774
1762.7	-3.993	0.236
1766.55	-3.945	0.072
1772.63	-3.882	0.282
1774.5	0.35	29.999
1775.52	-3.611	0.215
1776.71	-3.115	0.692
1778.69	-3.604	0.18
1782.55	-3.524	0.132
1783.55	-3.459	0.158
1784.59	-3.523	0.209
1786.56	-3.153	0.345
1787.66	-3.54	0.192
1788.64	-3.635	0.142
1789.7	-4.603	0.473
1794.57	-3.807	0.085
1796.61	-3.37	0.379
1797.6	-3.815	0.063
1799.72	-3.249	0.536
1802.54	-3.676	0.075
1803.6	-3.705	0.05
1805.67	-3.634	0.099
1808.58	-4.104	0.062
1809.61	-3.698	0.098
1810.67	-3.229	1.811
1813.63	-3.731	0.153
1814.58	-3.811	0.141
1815.63	-3.802	0.323
1817.54	-3.963	0.202
1821.58	-4.275	0.075
1822.66	-4.024	0.133
1826.57	-4.088	0.058
1827.72	-4.07	0.067
1828.66	-4.196	0.04
1829.62	-4.218	0.047
1830.63	-3.984	0.334
1832.53	-4.072	0.074
1833.57	-4.386	0.043
1834.57	-4.267	0.051
1838.56	-4.38	0.036
1839.56	-4.426	0.049
1839.73	-4.138	0.168
1840.66	-4.226	0.096
1842.52	-4.244	0.103
1843.44	-4.419	0.108
1844.59	-4.445	0.082
1844.74	-4.486	0.049
1845.61	-4.409	0.113
1846.72	-4.5	0.094
1853.73	-4.948	0.175
1855.55	-4.845	0.024
1856.5	-4.843	0.031
1860.62	-5.011	0.032
1863.62	-5.089	0.026
1870.76	-5.247	0.042
1872.68	-5.258	0.039
1875.53	-5.407	0.033
1884.66	-5.685	0.049
1895.62	-5.947	0.017
1898.6	-5.955	0.018
1903.56	-6.191	0.056
1907.48	-6.167	0.038
1910.63	-6.312	0.03
1916.5	-6.457	0.009
1919.56	-6.56	0.016
1923.55	-6.655	0.009
1927.62	-6.712	0.012
1930.5	-6.808	0.014
1934.59	-6.864	0.025
1942.52	-6.959	0.01
1946.55	-7.008	0.011
1954.43	-7.186	0.012
1958.42	-7.241	0.007
1972.42	-7.489	0.009
1977.46	-7.461	0.008
1984.39	-7.552	0.004
1991.79	-7.487	0.01
1996.78	-7.397	0.016
2009.77	-7.165	0.024
2017.72	-6.89	0.015
2023.81	-6.834	0.018
2025.83	-6.778	0.015
2033.77	-6.787	0.014
2035.82	-6.823	0.008
2037.82	-6.917	0.012
2039.82	-6.989	0.01
2046.65	-6.946	0.016
2051.62	-7.541	0.017
2052.8	-7.577	0.009
2056.77	-7.811	0.005
2058.6	-7.799	0.006
2059.81	-8.014	0.011
2064.2	-8.211	0.004
2065.64	-8.335	0.008
2076.8	-8.877	0.005
2081.55	-9.058	0.003
2084.8	-9.144	0.003
2093.65	-9.331	0.002
2095.69	-9.401	0.002
2097.56	-9.337	0.002
2098.67	-9.459	0.002
2101.61	-9.527	0.002
2102.69	-9.541	0.002
2107.74	-9.615	0.003
2109.64	-9.67	0.002
2110.67	-9.685	0.002
2111.76	-9.707	0.002
2113.65	-9.753	0.003
2114.72	-9.779	0.002
2122.6	-9.898	0.002
2123.75	-9.944	0.001
2136.72	-9.964	0.001
2145.66	-9.911	0.001
2147.66	-9.878	0.001
2152.48	-9.859	0.003
2153.68	-9.805	0.001
2161.6	-9.666	0.001
2170.61	-9.446	0.002
2174.5	-9.266	0.002
2180.56	-9.255	0.002
2182.59	-9.221	0.002
2188.67	-9.094	0.002
2191.69	-9.02	0.004
2202.72	-8.758	0.003
2209.58	-8.54	0.003
2217.5	-8.321	0.003
2219.67	-8.266	0.005
2222.63	-8.204	0.003
2229.55	-7.96	0.032
2237.61	-7.822	0.01
2239.61	-7.762	0.005
2241.66	-7.702	0.006
2243.59	-7.694	0.009
2245.69	-7.604	0.005
2251.55	-7.464	0.012
2255.58	-7.359	0.029
2258.48	-7.266	0.007
2260.61	-7.222	0.016
2287.5	-6.491	0.018
2296.57	-6.381	0.018
2310.49	-6.004	0.018
2319.49	-5.805	0.071
2331.82	-5.555	0.053
2345.43	-5.152	0.055
2355.38	-5.065	0.144
2359.77	-4.861	0.141
2371.81	-4.497	0.124
2377.75	-4.414	0.07
2382.7	-4.501	0.248
2393.76	-4.096	0.064
2402.79	-3.668	0.154
2410.73	-2.98	1.147
2424.69	-3.256	0.316
2426.79	-3.296	0.219
2429.81	-2.56	5.513
2434.55	-3.349	0.526
2438.77	0.092	-9740
2449.64	-2.923	0.775
2451.51	-3.471	1.57
2459.76	-3.144	0.171
2462.52	-2.963	0.842
2463.74	-1.916	3.181
2466.56	-2.817	1.348
2474.61	-3.467	0.181
2476.73	-4.509	0.351
2479.53	-3.971	0.226
2483.6	-3.842	0.214
2485.76	-3.931	0.144
2487.76	-4.336	0.11
2490.68	-3.508	0.341
2495.63	-4.4	0.162
2497.65	-3.958	0.162
2508.68	-4.58	0.043
2513.71	-4.66	0.054
2518.53	-4.836	0.053
2524.66	-5.113	0.038
2533.49	-5.238	0.037
2544.65	-5.709	0.024
2548.61	-5.867	0.013
2553.61	-5.992	0.026
2557.69	-6.091	0.031
2560.64	-6.169	0.019
2565.61	-6.299	0.015
2572.46	-6.464	0.011
2583.67	-6.607	0.015
2598.51	-6.736	0.007
2602.52	-6.755	0.007
2605.59	-6.803	0.009
2617.6	-6.868	0.012
2623.58	-6.83	0.008
2626.58	-6.763	0.01
2628.52	-6.778	0.021
2628.54	-6.754	0.018
2639.41	-6.712	0.01
2654.6	-6.513	0.014
2658.45	-6.512	0.015
2664.48	-6.447	0.026
2667.42	-6.452	0.014
2671.43	-6.533	0.017
2677.39	-6.717	0.01
2680.46	-6.848	0.016
2683.47	-6.951	0.011
2686.44	-7.041	0.007
2691.38	-7.483	0.004
2695.48	-7.619	0.044
2707.36	-8.174	0.003
2730.83	-8.824	0.004
2766.76	-8.79	0.013
2770.72	-8.777	0.003
2777.71	-8.675	0.003
2782.69	-8.852	0.003
2785.69	-8.911	0.006
2788.73	-8.91	0.003
2791.65	-8.96	0.003
2798.62	-9.015	0.002
2801.64	-9.055	0.002
2804.63	-9.052	0.002
2808.77	-9.028	0.003
2810.74	-9.044	0.002
2812.71	-8.978	0.002
2817.59	-9.031	0.002
2820.7	-9.012	0.003
2827.57	-8.963	0.005
2839.52	-8.763	0.003
2840.7	-8.726	0.003
2845.63	-8.516	0.003
2848.53	-8.553	0.003
2849.67	-8.543	0.005
2855.51	-8.397	0.003
2856.64	-8.271	0.004
2861.46	-8.273	0.009
2865.65	-8.086	0.003
2871.53	-7.944	0.003
2872.71	-7.865	0.005
2882.7	-7.532	0.008
2887.66	-7.391	0.006
2890.51	-7.333	0.006
2891.66	-7.239	0.008
2903.53	-6.889	0.007
2908.61	-6.678	0.019
2918.58	-6.358	0.012
2923.55	-6.204	0.014
